161
182
142
187
189
127
149
126
118
198
143
190
148
148
160
195
138
102
190
175
116
156
161
150
165
127
147
185
180
146
126
133
199
121
178
122
161
139
199
123
120
128
182
149
187
166
187
142
198
159
132
169
123
106
168
176
119
173
113
138
153
173
126
162
193
198
105
168
131
184
128
151
120
183
175
100
134
139
159
155
149
164
173
166
125
125
149
186
181
113
175
173
168
186
163
170
150
134
196
175
132
179
149
161
142
152
139
113
108
185
128
155
170
191
148
138
130
162
193
140
111
183
166
193
195
131
182
139
199
137
126
158
127
138
157
170
112
154
155
108
106
145
106
120
133
149
110
112
119
110
144
149
193
162
183
159
181
174
190
182
126
133
125
182
160
136
142
139
169
102
166
124
118
199
137
122
126
183
175
193
144
137
139
174
114
135
162
159
163
105
120
144
150
113
172
116
188
142
118
179
112
190
